           SessionId             StartTs               EndTs          PresetName            PresetId             Comment                   
                1352            20375771            20426471              Preset                   1                  NA                   
                1353            15224671            15248871              Preset                   1                  NA                   
                1354            15322522            15534571              Preset                   1                  NA                   
                1355            15556421            15652021              Preset                   1                  NA                   
                1356            15705521            15884921              Preset                   1                  NA                   
                1357            15926821            15955321              Preset                   1                  NA                   
                1358            15984271            16021871              Preset                   1                  NA                   
                1359            16035071            16063521              Preset                   1                  NA                   
                1360            16069271            16099521              Preset                   1                  NA                   
                1361            16116371            16150171              Preset                   1                  NA                   
                1362            16195771            16225123              Preset                   1                  NA                   
                1363            16244771            16279571              Preset                   1                  NA                   
                1364            16338721            16373921              Preset                   1                  NA                   
                1365            16472671            16488421              Preset                   1                  NA                   
                1366            16541971            16563071              Preset                   1                  NA                   
                1367            16624471            16655321              Preset                   1                  NA                   
                1368            16660521            16697721              Preset                   1                  NA                   
                1369            16725921            16750271              Preset                   1                  NA                   
                1370            16793721            16816621              Preset                   1                  NA                   
                1371            16835621            16850821              Preset                   1                  NA                   
                1372            16916021            16939121              Preset                   1                  NA                   
                1373            16967921            16987871              Preset                   1                  NA                   
                1374            17041721            17076471              Preset                   1                  NA                   
                1375            17140821            17169871              Preset                   1                  NA                   
                1376            17197221            17218771              Preset                   1                  NA                   
                1377            17260021            17289171              Preset                   1                  NA                   
                1378            17300971            17321171              Preset                   1                  NA                   
                1379            17353371            17369771              Preset                   1                  NA                   
                1380            17403371            17423871              Preset                   1                  NA                   
                1381            17438271            17455871              Preset                   1                  NA                   
                1382            17525071            17548471              Preset                   1                  NA                   
                1383            17606271            17635871              Preset                   1                  NA                   
                1384            17668871            17713672              Preset                   1                  NA                   
                1385            17728871            17753721              Preset                   1                  NA                   
                1386            17766571            17772371              Preset                   1                  NA                   
                1387            17809221            17810371              Preset                   1                  NA                   
                1388            17943722            17964721              Preset                   1                  NA                   
                1389            18006721            18030471              Preset                   1                  NA                   
                1390            18122221            18139671              Preset                   1                  NA                   
                1391            18152121            18180871              Preset                   1                  NA                   
                1392            18211021            18231521              Preset                   1                  NA                   
                1393            18304021            18325671              Preset                   1                  NA                   
                1394            18348621            18369471              Preset                   1                  NA                   
                1395            18421421            18444021              Preset                   1                  NA                   
                1396            19104921            19183921              Preset                   1                  NA                   
                1397            19193221            19305121              Preset                   1                  NA                   
                1398            19351121            19580721              Preset                   1                  NA                   
                1399            19652021            19726721              Preset                   1                  NA                   
                1400            19768571            19900121              Preset                   1                  NA                   
                1401            19907671            19982271              Preset                   1                  NA                   
                1402            19989171            20021321              Preset                   1                  NA                   
                1403            20070171            20125771              Preset                   1                  NA                   
